[1] 0.007 0.135 0.772 0.444 0.287 0.347 0.777 0.604 0.025 0.584
[11] 0.715 0.110 0.770 0.405 0.742 0.923 0.591 0.567 0.952 0.039
[21] 0.342 0.534 0.342 0.661 0.829 0.489 0.710 0.921 0.055 0.497
[31] 0.611 0.118 0.122 0.472 0.853 0.931 0.978 0.232 0.519 0.333
[41] 0.096 0.709 0.985 0.844 0.948 0.361 0.061 0.541 0.815 0.153
[51] 0.177 0.495 0.735 0.872 0.799 0.028 0.555 0.763 0.752 0.682
[61] 0.228 0.586 0.732 0.014 0.753 0.412 0.765 0.176 0.919 0.207
[71] 0.874 0.178 0.820 0.783 0.231 0.541 0.925 0.207 0.408 0.808
[81] 0.434 0.008 0.382 0.166 0.328 0.294 0.635 0.672 0.669 0.460
[91] 0.174 0.374 0.381 0.600 0.397 0.091 0.922 0.872 0.754 0.520
[101] 0.977 0.748 0.955 0.978 0.531 0.196 0.963 0.356 0.061 0.795
[111] 0.823 0.731 0.284 0.929 0.687 0.858 0.439 0.944 0.676 0.189
[121] 0.755 0.421 0.357 0.391 0.370 0.028 0.866 0.069 0.818 0.888
[131] 0.381 0.989 0.663 0.491 0.285 0.000 0.652 0.341 0.316 0.599
[141] 0.977 0.332 0.985 0.976 0.695 0.730 0.580 0.562 0.674 0.435
[151] 0.747 0.521 0.024 0.412 0.719 0.819 0.139 0.278 0.270 0.877
[161] 0.431 0.867 0.723 0.919 0.244 0.362 0.442 0.196 0.409 0.752
[171] 0.351 0.979 0.189 0.523 0.332 0.690 0.061 0.552 0.253 0.450
[181] 0.403 0.592 0.381 0.673 0.182 0.862 0.223 0.090 0.729 0.091
[191] 0.315 0.763 0.373 0.174 0.927 0.264 0.799 0.653 0.569 0.109
[201] 0.706 0.858 0.357 0.950 0.801 0.123 0.019 0.100 0.329 0.706
[211] 0.377 0.993 0.256 0.964 0.257 0.778 0.985 0.849 0.047 0.650
[221] 0.932 0.852 0.750 0.705 0.965 0.626 0.821 0.710 0.988 0.145
[231] 0.760 0.296 0.210 0.944 0.377 0.880 0.437 0.847 0.694 0.069
[241] 0.139 0.695 0.444 0.596 0.725 0.543 0.580 0.034 0.899 0.339